    b a b a b a b
  0 0 0 0 0 0 0 0
a 0 0 1 1 1 1 1 1
b 0 0 0 0 0 0 0 0
b 0 0 0 0 0 0 0 0
a 0 0 0 0 0 0 0 0
a 0 0 0 0 0 0 0 0

    b a b a b a b
  0 0 0 0 0 0 0 0
a 0 0 1 1 1 1 1 1
b 0 1 1 2 2 2 2 2
b 0 0 0 0 0 0 0 0
a 0 0 0 0 0 0 0 0
a 0 0 0 0 0 0 0 0

    b a b a b a b
  0 0 0 0 0 0 0 0
a 0 0 1 1 1 1 1 1
b 0 1 1 2 2 2 2 2
b 0 1 1 2 2 3 3 3
a 0 0 0 0 0 0 0 0
a 0 0 0 0 0 0 0 0

    b a b a b a b
  0 0 0 0 0 0 0 0
a 0 0 1 1 1 1 1 1
b 0 1 1 2 2 2 2 2
b 0 1 1 2 2 3 3 3
a 0 1 2 2 3 3 4 4
a 0 0 0 0 0 0 0 0

    b a b a b a b
  0 0 0 0 0 0 0 0
a 0 0 1 1 1 1 1 1
b 0 1 1 2 2 2 2 2
b 0 1 1 2 2 3 3 3
a 0 1 2 2 3 3 4 4
a 0 1 2 2 3 3 4 4

Longest common subsequence of "abbaa" & "bababab": "bbaa"

-------------------------

    b b
  0 0 0
a 0 0 0
a 0 0 0

    b b
  0 0 0
a 0 0 0
a 0 0 0

Longest common subsequence of "aa" & "bb": ""

-------------------------

    a b c d e f
  0 0 0 0 0 0 0
a 0 1 1 1 1 1 1
b 0 0 0 0 0 0 0
c 0 0 0 0 0 0 0
d 0 0 0 0 0 0 0
e 0 0 0 0 0 0 0
f 0 0 0 0 0 0 0

    a b c d e f
  0 0 0 0 0 0 0
a 0 1 1 1 1 1 1
b 0 1 2 2 2 2 2
c 0 0 0 0 0 0 0
d 0 0 0 0 0 0 0
e 0 0 0 0 0 0 0
f 0 0 0 0 0 0 0

    a b c d e f
  0 0 0 0 0 0 0
a 0 1 1 1 1 1 1
b 0 1 2 2 2 2 2
c 0 1 2 3 3 3 3
d 0 0 0 0 0 0 0
e 0 0 0 0 0 0 0
f 0 0 0 0 0 0 0

    a b c d e f
  0 0 0 0 0 0 0
a 0 1 1 1 1 1 1
b 0 1 2 2 2 2 2
c 0 1 2 3 3 3 3
d 0 1 2 3 4 4 4
e 0 0 0 0 0 0 0
f 0 0 0 0 0 0 0

    a b c d e f
  0 0 0 0 0 0 0
a 0 1 1 1 1 1 1
b 0 1 2 2 2 2 2
c 0 1 2 3 3 3 3
d 0 1 2 3 4 4 4
e 0 1 2 3 4 5 5
f 0 0 0 0 0 0 0

    a b c d e f
  0 0 0 0 0 0 0
a 0 1 1 1 1 1 1
b 0 1 2 2 2 2 2
c 0 1 2 3 3 3 3
d 0 1 2 3 4 4 4
e 0 1 2 3 4 5 5
f 0 1 2 3 4 5 6

Longest common subsequence of "abcdef" & "abcdef": "abcdef"

-------------------------

    a x c a s x z c s d a s d x
  0 0 0 0 0 0 0 0 0 0 0 0 0 0 0
a 0 1 1 1 1 1 1 1 1 1 1 1 1 1 1
s 0 0 0 0 0 0 0 0 0 0 0 0 0 0 0
d 0 0 0 0 0 0 0 0 0 0 0 0 0 0 0
z 0 0 0 0 0 0 0 0 0 0 0 0 0 0 0
c 0 0 0 0 0 0 0 0 0 0 0 0 0 0 0
x 0 0 0 0 0 0 0 0 0 0 0 0 0 0 0
s 0 0 0 0 0 0 0 0 0 0 0 0 0 0 0
a 0 0 0 0 0 0 0 0 0 0 0 0 0 0 0
d 0 0 0 0 0 0 0 0 0 0 0 0 0 0 0
z 0 0 0 0 0 0 0 0 0 0 0 0 0 0 0
c 0 0 0 0 0 0 0 0 0 0 0 0 0 0 0
s 0 0 0 0 0 0 0 0 0 0 0 0 0 0 0

    a x c a s x z c s d a s d x
  0 0 0 0 0 0 0 0 0 0 0 0 0 0 0
a 0 1 1 1 1 1 1 1 1 1 1 1 1 1 1
s 0 1 1 1 1 2 2 2 2 2 2 2 2 2 2
d 0 0 0 0 0 0 0 0 0 0 0 0 0 0 0
z 0 0 0 0 0 0 0 0 0 0 0 0 0 0 0
c 0 0 0 0 0 0 0 0 0 0 0 0 0 0 0
x 0 0 0 0 0 0 0 0 0 0 0 0 0 0 0
s 0 0 0 0 0 0 0 0 0 0 0 0 0 0 0
a 0 0 0 0 0 0 0 0 0 0 0 0 0 0 0
d 0 0 0 0 0 0 0 0 0 0 0 0 0 0 0
z 0 0 0 0 0 0 0 0 0 0 0 0 0 0 0
c 0 0 0 0 0 0 0 0 0 0 0 0 0 0 0
s 0 0 0 0 0 0 0 0 0 0 0 0 0 0 0

    a x c a s x z c s d a s d x
  0 0 0 0 0 0 0 0 0 0 0 0 0 0 0
a 0 1 1 1 1 1 1 1 1 1 1 1 1 1 1
s 0 1 1 1 1 2 2 2 2 2 2 2 2 2 2
d 0 1 1 1 1 2 2 2 2 2 3 3 3 3 3
z 0 0 0 0 0 0 0 0 0 0 0 0 0 0 0
c 0 0 0 0 0 0 0 0 0 0 0 0 0 0 0
x 0 0 0 0 0 0 0 0 0 0 0 0 0 0 0
s 0 0 0 0 0 0 0 0 0 0 0 0 0 0 0
a 0 0 0 0 0 0 0 0 0 0 0 0 0 0 0
d 0 0 0 0 0 0 0 0 0 0 0 0 0 0 0
z 0 0 0 0 0 0 0 0 0 0 0 0 0 0 0
c 0 0 0 0 0 0 0 0 0 0 0 0 0 0 0
s 0 0 0 0 0 0 0 0 0 0 0 0 0 0 0

    a x c a s x z c s d a s d x
  0 0 0 0 0 0 0 0 0 0 0 0 0 0 0
a 0 1 1 1 1 1 1 1 1 1 1 1 1 1 1
s 0 1 1 1 1 2 2 2 2 2 2 2 2 2 2
d 0 1 1 1 1 2 2 2 2 2 3 3 3 3 3
z 0 1 1 1 1 2 2 3 3 3 3 3 3 3 3
c 0 0 0 0 0 0 0 0 0 0 0 0 0 0 0
x 0 0 0 0 0 0 0 0 0 0 0 0 0 0 0
s 0 0 0 0 0 0 0 0 0 0 0 0 0 0 0
a 0 0 0 0 0 0 0 0 0 0 0 0 0 0 0
d 0 0 0 0 0 0 0 0 0 0 0 0 0 0 0
z 0 0 0 0 0 0 0 0 0 0 0 0 0 0 0
c 0 0 0 0 0 0 0 0 0 0 0 0 0 0 0
s 0 0 0 0 0 0 0 0 0 0 0 0 0 0 0

    a x c a s x z c s d a s d x
  0 0 0 0 0 0 0 0 0 0 0 0 0 0 0
a 0 1 1 1 1 1 1 1 1 1 1 1 1 1 1
s 0 1 1 1 1 2 2 2 2 2 2 2 2 2 2
d 0 1 1 1 1 2 2 2 2 2 3 3 3 3 3
z 0 1 1 1 1 2 2 3 3 3 3 3 3 3 3
c 0 1 1 2 2 2 2 3 4 4 4 4 4 4 4
x 0 0 0 0 0 0 0 0 0 0 0 0 0 0 0
s 0 0 0 0 0 0 0 0 0 0 0 0 0 0 0
a 0 0 0 0 0 0 0 0 0 0 0 0 0 0 0
d 0 0 0 0 0 0 0 0 0 0 0 0 0 0 0
z 0 0 0 0 0 0 0 0 0 0 0 0 0 0 0
c 0 0 0 0 0 0 0 0 0 0 0 0 0 0 0
s 0 0 0 0 0 0 0 0 0 0 0 0 0 0 0

    a x c a s x z c s d a s d x
  0 0 0 0 0 0 0 0 0 0 0 0 0 0 0
a 0 1 1 1 1 1 1 1 1 1 1 1 1 1 1
s 0 1 1 1 1 2 2 2 2 2 2 2 2 2 2
d 0 1 1 1 1 2 2 2 2 2 3 3 3 3 3
z 0 1 1 1 1 2 2 3 3 3 3 3 3 3 3
c 0 1 1 2 2 2 2 3 4 4 4 4 4 4 4
x 0 1 2 2 2 2 3 3 4 4 4 4 4 4 5
s 0 0 0 0 0 0 0 0 0 0 0 0 0 0 0
a 0 0 0 0 0 0 0 0 0 0 0 0 0 0 0
d 0 0 0 0 0 0 0 0 0 0 0 0 0 0 0
z 0 0 0 0 0 0 0 0 0 0 0 0 0 0 0
c 0 0 0 0 0 0 0 0 0 0 0 0 0 0 0
s 0 0 0 0 0 0 0 0 0 0 0 0 0 0 0

    a x c a s x z c s d a s d x
  0 0 0 0 0 0 0 0 0 0 0 0 0 0 0
a 0 1 1 1 1 1 1 1 1 1 1 1 1 1 1
s 0 1 1 1 1 2 2 2 2 2 2 2 2 2 2
d 0 1 1 1 1 2 2 2 2 2 3 3 3 3 3
z 0 1 1 1 1 2 2 3 3 3 3 3 3 3 3
c 0 1 1 2 2 2 2 3 4 4 4 4 4 4 4
x 0 1 2 2 2 2 3 3 4 4 4 4 4 4 5
s 0 1 2 2 2 3 3 3 4 5 5 5 5 5 5
a 0 0 0 0 0 0 0 0 0 0 0 0 0 0 0
d 0 0 0 0 0 0 0 0 0 0 0 0 0 0 0
z 0 0 0 0 0 0 0 0 0 0 0 0 0 0 0
c 0 0 0 0 0 0 0 0 0 0 0 0 0 0 0
s 0 0 0 0 0 0 0 0 0 0 0 0 0 0 0

    a x c a s x z c s d a s d x
  0 0 0 0 0 0 0 0 0 0 0 0 0 0 0
a 0 1 1 1 1 1 1 1 1 1 1 1 1 1 1
s 0 1 1 1 1 2 2 2 2 2 2 2 2 2 2
d 0 1 1 1 1 2 2 2 2 2 3 3 3 3 3
z 0 1 1 1 1 2 2 3 3 3 3 3 3 3 3
c 0 1 1 2 2 2 2 3 4 4 4 4 4 4 4
x 0 1 2 2 2 2 3 3 4 4 4 4 4 4 5
s 0 1 2 2 2 3 3 3 4 5 5 5 5 5 5
a 0 1 2 2 3 3 3 3 4 5 5 6 6 6 6
d 0 0 0 0 0 0 0 0 0 0 0 0 0 0 0
z 0 0 0 0 0 0 0 0 0 0 0 0 0 0 0
c 0 0 0 0 0 0 0 0 0 0 0 0 0 0 0
s 0 0 0 0 0 0 0 0 0 0 0 0 0 0 0

    a x c a s x z c s d a s d x
  0 0 0 0 0 0 0 0 0 0 0 0 0 0 0
a 0 1 1 1 1 1 1 1 1 1 1 1 1 1 1
s 0 1 1 1 1 2 2 2 2 2 2 2 2 2 2
d 0 1 1 1 1 2 2 2 2 2 3 3 3 3 3
z 0 1 1 1 1 2 2 3 3 3 3 3 3 3 3
c 0 1 1 2 2 2 2 3 4 4 4 4 4 4 4
x 0 1 2 2 2 2 3 3 4 4 4 4 4 4 5
s 0 1 2 2 2 3 3 3 4 5 5 5 5 5 5
a 0 1 2 2 3 3 3 3 4 5 5 6 6 6 6
d 0 1 2 2 3 3 3 3 4 5 6 6 6 7 7
z 0 0 0 0 0 0 0 0 0 0 0 0 0 0 0
c 0 0 0 0 0 0 0 0 0 0 0 0 0 0 0
s 0 0 0 0 0 0 0 0 0 0 0 0 0 0 0

    a x c a s x z c s d a s d x
  0 0 0 0 0 0 0 0 0 0 0 0 0 0 0
a 0 1 1 1 1 1 1 1 1 1 1 1 1 1 1
s 0 1 1 1 1 2 2 2 2 2 2 2 2 2 2
d 0 1 1 1 1 2 2 2 2 2 3 3 3 3 3
z 0 1 1 1 1 2 2 3 3 3 3 3 3 3 3
c 0 1 1 2 2 2 2 3 4 4 4 4 4 4 4
x 0 1 2 2 2 2 3 3 4 4 4 4 4 4 5
s 0 1 2 2 2 3 3 3 4 5 5 5 5 5 5
a 0 1 2 2 3 3 3 3 4 5 5 6 6 6 6
d 0 1 2 2 3 3 3 3 4 5 6 6 6 7 7
z 0 1 2 2 3 3 3 4 4 5 6 6 6 7 7
c 0 0 0 0 0 0 0 0 0 0 0 0 0 0 0
s 0 0 0 0 0 0 0 0 0 0 0 0 0 0 0

    a x c a s x z c s d a s d x
  0 0 0 0 0 0 0 0 0 0 0 0 0 0 0
a 0 1 1 1 1 1 1 1 1 1 1 1 1 1 1
s 0 1 1 1 1 2 2 2 2 2 2 2 2 2 2
d 0 1 1 1 1 2 2 2 2 2 3 3 3 3 3
z 0 1 1 1 1 2 2 3 3 3 3 3 3 3 3
c 0 1 1 2 2 2 2 3 4 4 4 4 4 4 4
x 0 1 2 2 2 2 3 3 4 4 4 4 4 4 5
s 0 1 2 2 2 3 3 3 4 5 5 5 5 5 5
a 0 1 2 2 3 3 3 3 4 5 5 6 6 6 6
d 0 1 2 2 3 3 3 3 4 5 6 6 6 7 7
z 0 1 2 2 3 3 3 4 4 5 6 6 6 7 7
c 0 1 2 3 3 3 3 4 5 5 6 6 6 7 7
s 0 0 0 0 0 0 0 0 0 0 0 0 0 0 0

    a x c a s x z c s d a s d x
  0 0 0 0 0 0 0 0 0 0 0 0 0 0 0
a 0 1 1 1 1 1 1 1 1 1 1 1 1 1 1
s 0 1 1 1 1 2 2 2 2 2 2 2 2 2 2
d 0 1 1 1 1 2 2 2 2 2 3 3 3 3 3
z 0 1 1 1 1 2 2 3 3 3 3 3 3 3 3
c 0 1 1 2 2 2 2 3 4 4 4 4 4 4 4
x 0 1 2 2 2 2 3 3 4 4 4 4 4 4 5
s 0 1 2 2 2 3 3 3 4 5 5 5 5 5 5
a 0 1 2 2 3 3 3 3 4 5 5 6 6 6 6
d 0 1 2 2 3 3 3 3 4 5 6 6 6 7 7
z 0 1 2 2 3 3 3 4 4 5 6 6 6 7 7
c 0 1 2 3 3 3 3 4 5 5 6 6 6 7 7
s 0 1 2 3 3 4 4 4 5 6 6 6 7 7 7

Longest common subsequence of "asdzcxsadzcs" & "axcasxzcsdasdx": "aszcsds"

-------------------------