n = 4; k = 5
1, 3, 4

n = 10; k = 1
1, 2, 3, 4, 5, 6, 7, 8, 9

n = 6; k = 5
5, 4, 6, 2, 3

n = 100; k = 15
15, 30, 45, 60, 75, 90, 5, 21, 37, 53, 69, 85, 1, 18, 35, 52, 70, 87, 4, 23, 41, 59, 78, 96, 14, 34, 55, 74, 94, 13, 36, 57, 79, 99, 22, 44, 66, 89, 11, 38, 62, 84, 9, 33, 63, 88, 16, 43, 71, 98, 27, 56, 86, 19, 49, 81, 12, 48, 82, 20, 54, 93, 29, 68, 7, 50, 95, 39, 80, 28, 76, 26, 77, 32, 92, 47, 6, 67, 40, 3, 73, 58, 31, 17, 8, 2, 10, 25, 51, 72, 24, 83, 64, 65, 100, 97, 61, 46, 91

n = 12; k = 16
4, 9, 3, 12, 11, 2, 8, 10, 7, 1, 6