Kruskal's algorithm:
(2; 6)
(2; 6) (2; 1)
(2; 6) (2; 1) (2; 7)
(2; 6) (2; 1) (2; 7) (8; 9)
(2; 6) (2; 1) (2; 7) (8; 9) (10; 1)
(2; 6) (2; 1) (2; 7) (8; 9) (10; 1) (4; 1)
(2; 6) (2; 1) (2; 7) (8; 9) (10; 1) (4; 1) (3; 8)
(2; 6) (2; 1) (2; 7) (8; 9) (10; 1) (4; 1) (3; 8) (2; 5)
(2; 6) (2; 1) (2; 7) (8; 9) (10; 1) (4; 1) (3; 8) (2; 5) (4; 9)

Prim's algorithm:
(5; 2)
(5; 2) (2; 6)
(5; 2) (2; 6) (2; 1)
(5; 2) (2; 6) (2; 1) (2; 7)
(5; 2) (2; 6) (2; 1) (2; 7) (1; 10)
(5; 2) (2; 6) (2; 1) (2; 7) (1; 10) (1; 4)
(5; 2) (2; 6) (2; 1) (2; 7) (1; 10) (1; 4) (4; 9)
(5; 2) (2; 6) (2; 1) (2; 7) (1; 10) (1; 4) (4; 9) (9; 8)
(5; 2) (2; 6) (2; 1) (2; 7) (1; 10) (1; 4) (4; 9) (9; 8) (8; 3)