-----------------------------------------
RANDOM ORDER
-----------------------------------------

-+-+-+-+-+-+-+-+-+-+-+-+-+-
Array length: 8
Array: 8965 745 9161 5030 5462 1028 5901 9872
-+-+-+-+-+-+-+-+-+-+-+-+-+-

Insert sort:
Comparisons: 17
Swaps: 33

Select sort:
Comparisons: 28
Swaps: 15

Merge sort:
Comparisons: 16
Swaps: 48

Quick sort:
Comparisons: 25
Swaps: 27


-+-+-+-+-+-+-+-+-+-+-+-+-+-
Array length: 32
Array: 4530 9539 4610 9026 8953 7654 1290 9895 3945 7942 4255 7000 8367 4295 6205 2286 5420 5657 6922 770 5560 6719 6413 4153 8229 9989 5870 3528 2622 4346 6270 6566
-+-+-+-+-+-+-+-+-+-+-+-+-+-

Insert sort:
Comparisons: 310
Swaps: 843

Select sort:
Comparisons: 496
Swaps: 87

Merge sort:
Comparisons: 122
Swaps: 320

Quick sort:
Comparisons: 215
Swaps: 147


-+-+-+-+-+-+-+-+-+-+-+-+-+-
Array length: 128
Array: 2695 7388 3055 4347 4864 1105 2813 4566 8041 5042 6735 4309 4605 8099 6932 9525 9411 1817 7824 4221 3343 9176 5271 6831 8285 8379 9852 6796 8770 8051 4070 3739 8653 8444 5286 3101 6519 1954 8758 8757 7886 7603 6792 5238 3772 4192 2464 6294 8338 1791 7555 5729 1356 9363 6930 4789 1919 135 3601 7563 6907 3044 7788 2775 2803 2379 3706 5336 561 4303 1485 505 6032 5879 8027 9996 1375 9534 3785 5286 2063 8953 1890 6900 358 2620 551 1758 220 569 7741 2900 2977 9262 2611 6784 3528 4854 3917 5597 4811 4989 8473 6286 7528 612 8482 8405 9706 188 2496 7854 748 6047 7001 2083 9430 1906 2342 2961 6673 2068 2277 2609 320 7574 9858 9920
-+-+-+-+-+-+-+-+-+-+-+-+-+-

Insert sort:
Comparisons: 4603
Swaps: 13434

Select sort:
Comparisons: 8128
Swaps: 363

Merge sort:
Comparisons: 732
Swaps: 1792

Quick sort:
Comparisons: 1246
Swaps: 792


-+-+-+-+-+-+-+-+-+-+-+-+-+-
Array length: 512
Array: 8985 3018 56 8924 8356 4604 2300 8863 6996 1219 22 3111 4044 3022 2587 9862 5268 1220 4964 7173 9214 3418 6622 779 9466 5002 3143 1754 2800 3977 1213 3853 5644 6397 7375 1265 4577 5903 2730 7765 4076 9306 3985 5517 7669 9230 1801 9122 5303 5553 8411 1334 1261 9202 5197 5225 9828 9127 5639 3169 8586 330 7464 6617 8250 6870 971 6256 3391 2435 8765 6817 5784 8318 7326 5070 2316 7678 9751 8311 7235 4945 3821 7454 9254 119 5228 9113 3581 7097 7640 5437 9831 2055 4541 4613 6517 3558 2638 9467 2785 4026 9949 8087 9242 9328 6175 1897 2221 7646 3158 9996 2709 5085 2469 5180 857 4733 210 8735 31 987 760 9230 6674 6468 3966 7369 7891 2756 1977 6560 7819 9216 7930 9164 5213 4646 7261 9519 8213 8091 2797 1576 7427 6205 2133 1125 9163 4505 345 9641 5171 3752 8876 5372 8347 155 2418 8080 1575 9987 6203 5305 2349 6063 3999 273 5311 3962 7437 7592 337 6950 3360 6944 3666 3067 8793 9355 9083 6954 3806 3897 2131 1306 7091 6399 4627 219 277 7866 7870 5553 7846 9997 9958 8895 8687 749 288 8388 4672 6189 6451 8200 2692 7745 1136 9401 9744 464 4924 8818 7248 8596 2483 8173 6850 3770 1585 8886 2002 4169 3152 4327 3774 6977 9727 2327 7946 3540 7537 9458 5062 5062 5077 5309 5899 190 724 1180 8979 7413 6841 1633 5428 3387 9868 9033 8442 5166 879 1266 7628 9372 8069 9563 1037 6218 4367 1725 8715 4318 3348 8679 5562 3938 2643 1863 3091 1969 9182 1673 2395 9408 4340 478 1658 5067 5056 4853 9140 78 1785 3813 7692 5142 8707 1501 8270 8248 3186 3598 6847 3359 3866 6792 574 6725 1809 1251 8815 9476 936 3254 16 7285 1224 4059 2603 623 3241 3898 3992 2835 4666 6451 9770 4330 486 7841 1261 7661 4267 4532 7650 9950 7651 4595 5332 1487 7922 3022 6144 9874 831 2578 1217 1161 5501 7459 5514 6328 4942 4169 3821 7603 4019 2308 1112 1257 8180 8008 4074 370 4639 5286 5035 8998 7436 9294 7899 4332 8579 7718 5685 8211 2938 919 4285 115 2333 8310 1385 8961 1225 4896 628 4540 9793 7354 1807 9560 4432 4531 163 6938 8067 9274 1715 4399 6144 6096 3711 1170 8224 7888 2338 4072 8198 4713 3743 3054 7188 374 5777 2000 9354 3186 2805 4190 6201 842 5122 7342 7045 812 3221 8600 7685 6701 3830 6188 2619 4817 4555 2356 4255 225 8053 3848 1798 2853 3088 9008 3109 5302 1923 8173 7524 5488 4634 5706 891 5130 5212 1471 1605 2900 8009 8826 5738 2015 287 8138 2681 7488 614 6220 2359 5398 2345 2032 6792 5764 4199 7036 6041 3890 4654 5418 4764 9472 8716 3300 3190 3140 9337 8158 1302 1845 8850 8092 5496 748 5452 3873 7242 5736 2184 1822 7592 4351 2465 4399 3720 2814 7437 8152 3257 758 2864 2856 4091 9711 78 7027 4293 2047 1698 2135
-+-+-+-+-+-+-+-+-+-+-+-+-+-

Insert sort:
Comparisons: 70378
Swaps: 209613

Select sort:
Comparisons: 130816
Swaps: 1518

Merge sort:
Comparisons: 3968
Swaps: 9216

Quick sort:
Comparisons: 7325
Swaps: 3762

-----------------------------------------
SORTED BACKWARDS
-----------------------------------------

-+-+-+-+-+-+-+-+-+-+-+-+-+-
Array length: 8
Array: 7944 6899 6842 6375 4817 4383 3844 1157
-+-+-+-+-+-+-+-+-+-+-+-+-+-

Insert sort:
Comparisons: 28
Swaps: 84

Select sort:
Comparisons: 28
Swaps: 12

Merge sort:
Comparisons: 12
Swaps: 48

Quick sort:
Comparisons: 26
Swaps: 24


-+-+-+-+-+-+-+-+-+-+-+-+-+-
Array length: 32
Array: 9877 9634 9114 8938 8908 8452 8318 8313 8013 7850 7088 7053 7049 6413 5197 4723 4537 4384 4143 4117 3994 3953 2979 2648 2605 2453 1648 1340 1184 1145 299 48
-+-+-+-+-+-+-+-+-+-+-+-+-+-

Insert sort:
Comparisons: 496
Swaps: 1488

Select sort:
Comparisons: 496
Swaps: 48

Merge sort:
Comparisons: 80
Swaps: 320

Quick sort:
Comparisons: 218
Swaps: 138


-+-+-+-+-+-+-+-+-+-+-+-+-+-
Array length: 128
Array: 9970 9926 9906 9890 9884 9743 9492 9408 9400 9262 9210 9090 8920 8848 8752 8731 8675 8656 8624 8622 8571 8489 8440 8432 8417 8335 8316 8311 8150 7897 7872 7853 7679 7664 7461 7343 7144 7138 7126 7039 6979 6805 6720 6653 6653 6606 6517 6444 6365 6355 6338 6249 6210 6106 6014 5958 5876 5692 5678 5612 5612 5425 5292 5291 5151 4965 4804 4686 4677 4627 4596 4310 4268 4254 4089 4031 3790 3649 3552 3499 3489 3475 3321 3230 3163 3131 3129 3102 2962 2960 2873 2598 2572 2521 2203 2101 2054 2039 2035 1889 1879 1786 1649 1540 1459 1453 1418 1303 1138 962 869 834 773 603 550 466 459 455 396 382 355 354 326 264 262 254 253 15
-+-+-+-+-+-+-+-+-+-+-+-+-+-

Insert sort:
Comparisons: 8128
Swaps: 24378

Select sort:
Comparisons: 8128
Swaps: 192

Merge sort:
Comparisons: 450
Swaps: 1792

Quick sort:
Comparisons: 1165
Swaps: 576


-+-+-+-+-+-+-+-+-+-+-+-+-+-
Array length: 512
Array: 9991 9989 9989 9965 9960 9948 9941 9937 9922 9904 9864 9849 9846 9825 9810 9779 9776 9771 9768 9730 9725 9718 9716 9676 9675 9671 9655 9633 9619 9592 9582 9577 9526 9477 9469 9450 9448 9447 9435 9433 9427 9424 9420 9394 9391 9373 9364 9346 9344 9314 9275 9267 9225 9152 9145 9144 9098 9095 9028 9024 9021 8963 8926 8925 8887 8887 8861 8786 8780 8756 8744 8739 8736 8720 8719 8710 8700 8683 8651 8561 8549 8522 8521 8514 8471 8462 8393 8388 8380 8379 8378 8369 8361 8318 8283 8270 8239 8233 8213 8193 8173 8172 8167 8158 8151 8110 8074 8043 8042 8033 8014 8005 7989 7981 7971 7966 7956 7950 7949 7889 7861 7848 7842 7829 7809 7777 7764 7755 7735 7726 7703 7693 7682 7673 7616 7601 7580 7574 7559 7555 7540 7503 7493 7464 7435 7406 7302 7289 7287 7283 7244 7219 7191 7174 7169 7135 7135 7021 7017 7011 7009 6991 6991 6967 6910 6835 6827 6804 6768 6767 6758 6741 6702 6696 6684 6674 6655 6627 6622 6614 6579 6570 6570 6569 6553 6545 6527 6518 6496 6487 6458 6448 6439 6399 6394 6388 6382 6378 6364 6330 6287 6267 6255 6250 6232 6191 6187 6117 6105 6054 6034 6013 5997 5980 5916 5890 5883 5880 5869 5827 5786 5783 5775 5759 5753 5729 5725 5723 5719 5675 5674 5619 5612 5605 5546 5539 5506 5502 5500 5495 5475 5472 5472 5462 5428 5425 5368 5368 5357 5337 5315 5232 5207 5205 5203 5197 5192 5176 5120 5105 5088 5078 5015 5011 4945 4917 4903 4896 4876 4825 4807 4804 4758 4731 4678 4675 4654 4612 4611 4569 4545 4527 4509 4478 4458 4424 4403 4400 4399 4386 4289 4287 4240 4230 4115 4109 4102 4101 4097 4052 4051 4048 4020 4010 3981 3970 3949 3933 3932 3930 3900 3900 3888 3878 3877 3793 3786 3767 3752 3739 3719 3649 3603 3583 3573 3538 3537 3536 3486 3479 3424 3360 3359 3351 3332 3322 3313 3295 3286 3275 3273 3252 3240 3206 3184 3177 3172 3153 3131 3124 3089 3036 3004 2985 2949 2949 2881 2855 2853 2842 2819 2811 2799 2798 2775 2770 2769 2761 2757 2726 2672 2664 2663 2638 2627 2623 2595 2593 2585 2577 2523 2477 2472 2464 2432 2428 2333 2328 2305 2304 2285 2285 2265 2241 2214 2176 2154 2106 2089 2084 2059 2048 2034 2020 2002 1953 1883 1857 1836 1836 1827 1796 1788 1771 1748 1735 1735 1675 1660 1660 1659 1631 1622 1617 1616 1588 1574 1557 1545 1518 1475 1466 1437 1433 1430 1420 1367 1357 1338 1328 1301 1297 1241 1218 1213 1205 1179 1167 1153 1123 1118 1101 1082 1064 1042 1011 951 915 837 830 815 810 802 798 771 764 742 733 731 726 710 681 649 642 636 623 602 581 576 574 562 562 560 531 527 516 509 457 439 435 380 369 369 365 360 358 355 319 307 256 251 236 202 185 117 90 67 38 38 36 30 15
-+-+-+-+-+-+-+-+-+-+-+-+-+-

Insert sort:
Comparisons: 130816
Swaps: 392400

Select sort:
Comparisons: 130816
Swaps: 795

Merge sort:
Comparisons: 2312
Swaps: 9216

Quick sort:
Comparisons: 5854
Swaps: 2316

-----------------------------------------
SORTED
-----------------------------------------

-+-+-+-+-+-+-+-+-+-+-+-+-+-
Array length: 8
Array: 2611 4078 4384 5934 6235 6517 6953 7657
-+-+-+-+-+-+-+-+-+-+-+-+-+-

Insert sort:
Comparisons: 7
Swaps: 0

Select sort:
Comparisons: 28
Swaps: 0

Merge sort:
Comparisons: 12
Swaps: 48

Quick sort:
Comparisons: 22
Swaps: 24


-+-+-+-+-+-+-+-+-+-+-+-+-+-
Array length: 32
Array: 34 71 868 974 1552 1614 1679 1689 2218 2384 2723 3862 3970 4186 4971 6166 6215 6419 6481 6536 6841 7220 7609 7864 7929 8051 8107 8141 8595 8667 8667 8683
-+-+-+-+-+-+-+-+-+-+-+-+-+-

Insert sort:
Comparisons: 31
Swaps: 0

Select sort:
Comparisons: 496
Swaps: 0

Merge sort:
Comparisons: 80
Swaps: 320

Quick sort:
Comparisons: 160
Swaps: 105


-+-+-+-+-+-+-+-+-+-+-+-+-+-
Array length: 128
Array: 17 86 103 122 141 180 255 423 428 434 810 817 835 914 1002 1127 1157 1312 1460 1481 1493 1505 1633 1658 1741 1753 1753 1794 1953 2060 2097 2184 2301 2346 2379 2457 2484 2739 3014 3124 3136 3159 3305 3352 3375 3707 3743 3743 3751 3770 3807 3827 3917 4025 4082 4171 4255 4319 4369 4390 4534 4858 4912 4938 5051 5394 5400 5426 5602 5662 5734 5835 5927 5928 5957 6004 6034 6035 6270 6405 6513 6548 6748 6784 7105 7171 7173 7271 7316 7322 7331 7367 7471 7498 7542 7630 7771 7794 7838 7849 7863 8011 8042 8219 8325 8349 8423 8538 8568 8610 8629 8646 8652 8699 8774 8830 8929 9354 9455 9494 9542 9571 9670 9804 9835 9850 9871 9873
-+-+-+-+-+-+-+-+-+-+-+-+-+-

Insert sort:
Comparisons: 127
Swaps: 0

Select sort:
Comparisons: 8128
Swaps: 0

Merge sort:
Comparisons: 448
Swaps: 1792

Quick sort:
Comparisons: 1011
Swaps: 372


-+-+-+-+-+-+-+-+-+-+-+-+-+-
Array length: 512
Array: 37 88 106 115 160 201 210 262 269 275 334 335 336 357 405 412 428 440 459 461 492 510 520 566 588 620 666 668 720 733 744 744 757 796 814 844 846 853 859 862 983 1071 1079 1079 1092 1103 1117 1130 1137 1148 1159 1182 1212 1222 1344 1354 1375 1407 1409 1428 1474 1487 1516 1543 1568 1572 1586 1595 1613 1638 1655 1676 1678 1690 1701 1734 1739 1761 1782 1783 1808 1837 1854 1859 1872 1906 1968 1983 2010 2023 2041 2091 2147 2163 2169 2173 2174 2202 2214 2218 2219 2236 2246 2249 2258 2270 2313 2322 2335 2367 2371 2380 2429 2430 2434 2442 2490 2493 2549 2553 2555 2568 2589 2603 2620 2623 2674 2694 2739 2756 2761 2781 2827 2837 2843 2848 2881 2887 2917 2936 2972 2978 2979 2983 2985 2987 2996 2999 3033 3051 3067 3159 3184 3184 3203 3250 3263 3275 3311 3343 3346 3368 3403 3413 3439 3452 3482 3490 3521 3528 3559 3568 3569 3576 3578 3582 3617 3625 3651 3652 3662 3720 3753 3800 3806 3826 3844 3849 3853 3854 3884 3890 3933 3938 3960 3980 4016 4024 4025 4054 4105 4200 4207 4226 4231 4251 4257 4289 4289 4299 4317 4377 4387 4448 4461 4470 4474 4490 4538 4586 4629 4638 4665 4677 4742 4757 4761 4762 4763 4771 4794 4797 4801 4849 4874 4920 4935 4964 4965 4977 4988 5004 5008 5008 5025 5026 5029 5044 5066 5087 5095 5107 5138 5141 5150 5164 5175 5200 5247 5253 5339 5368 5374 5387 5433 5474 5481 5485 5497 5533 5535 5552 5569 5590 5597 5628 5638 5641 5673 5680 5706 5715 5726 5740 5754 5790 5802 5814 5849 5851 5856 5875 5885 5912 5932 5944 5945 5951 5962 5988 5989 6014 6033 6041 6063 6070 6073 6094 6097 6120 6125 6129 6136 6139 6141 6257 6284 6306 6348 6350 6386 6416 6481 6485 6492 6494 6533 6546 6569 6579 6597 6602 6609 6645 6670 6672 6673 6694 6716 6722 6729 6754 6765 6766 6767 6777 6780 6781 6791 6794 6809 6838 6847 6856 6879 6893 6913 6924 6925 6934 6934 6944 6967 6976 7008 7014 7014 7097 7112 7130 7137 7168 7170 7206 7237 7240 7250 7264 7272 7283 7293 7357 7364 7365 7375 7383 7385 7467 7470 7495 7541 7555 7562 7575 7583 7612 7623 7645 7650 7671 7672 7675 7691 7702 7702 7704 7706 7710 7732 7774 7782 7793 7801 7828 7829 7842 7853 7883 7908 7934 7980 8031 8046 8047 8073 8152 8154 8158 8201 8214 8242 8277 8279 8298 8302 8304 8318 8344 8350 8356 8451 8534 8546 8561 8569 8578 8614 8614 8620 8626 8632 8636 8654 8665 8670 8715 8718 8753 8762 8766 8792 8825 8828 8852 8863 8903 8914 8928 8991 8991 9002 9009 9064 9066 9067 9095 9146 9191 9213 9216 9218 9226 9283 9324 9350 9352 9404 9417 9431 9463 9471 9471 9517 9532 9540 9554 9554 9571 9602 9610 9646 9651 9674 9714 9726 9857 9862 9918 9925 9927 9964 9975
-+-+-+-+-+-+-+-+-+-+-+-+-+-

Insert sort:
Comparisons: 511
Swaps: 0

Select sort:
Comparisons: 130816
Swaps: 0

Merge sort:
Comparisons: 2304
Swaps: 9216

Quick sort:
Comparisons: 5334
Swaps: 1593